pattern_name pattern2
H0 V0 81 18
SW SH 17 15
TW TH 22 28
58
58
58
47
33
121
187
190
138
109
105
109
110
110
112
115
118
119
119
123
128
128
45
55
60
52
39
60
149
198
163
117
105
106
108
109
110
113
116
118
121
124
126
125
40
53
59
58
55
17
99
181
186
134
110
104
107
109
109
112
115
118
123
124
123
122
73
52
52
60
58
36
44
114
211
166
120
100
106
108
108
111
114
121
122
122
120
121
90
55
49
58
58
61
12
55
200
191
139
105
105
107
108
111
115
122
121
119
118
120
49
72
58
45
59
61
37
43
107
196
175
126
99
105
108
113
119
120
118
116
116
118
23
71
65
48
59
58
61
44
37
176
195
151
102
104
108
115
121
116
114
114
115
117
46
28
63
88
61
58
61
50
42
117
182
177
120
105
112
118
116
112
112
112
113
115
65
11
65
107
52
58
60
56
54
67
158
191
143
110
114
117
112
109
110
111
113
116
65
43
79
88
26
57
63
59
56
41
130
187
169
120
112
111
108
108
109
110
113
120
64
66
74
62
23
49
60
61
58
35
89
160
193
138
113
105
105
107
108
110
115
124
65
68
42
30
56
29
46
64
60
54
29
101
219
168
117
98
104
106
106
112
120
126
65
69
27
14
68
38
47
61
62
64
11
66
200
187
128
99
102
105
106
113
122
124
65
69
33
15
52
82
66
51
63
62
42
64
131
193
146
108
101
103
108
114
118
116
66
70
37
19
51
82
62
48
65
61
60
56
80
197
168
121
98
103
108
112
114
111
67
71
36
24
63
35
36
53
68
62
63
44
50
197
191
137
96
102
107
108
109
109
58
61
31
21
59
21
40
57
45
60
65
46
42
145
187
158
106
102
105
106
106
107
40
43
21
12
41
32
67
60
4
56
65
60
54
52
160
182
126
101
102
105
104
106
37
39
19
12
38
39
58
55
31
61
64
65
58
21
146
193
145
100
99
103
103
105
45
46
25
17
45
46
28
45
96
67
61
64
59
36
138
190
162
101
98
101
102
104
55
57
30
21
55
56
38
44
73
40
53
66
61
49
95
157
180
114
100
100
102
104
66
69
36
25
67
67
68
48
8
2
44
69
64
62
38
107
195
135
105
97
102
106
68
72
38
25
69
69
73
55
19
35
57
67
65
66
26
95
199
160
109
94
104
113
67
70
37
25
68
68
67
63
59
90
73
60
65
65
39
97
187
183
116
93
107
120
67
70
37
25
68
69
68
68
66
61
38
39
67
65
51
74
131
190
132
105
113
119
67
70
37
26
69
70
69
70
63
13
0
23
68
65
64
47
66
190
152
121
116
114
67
70
37
26
69
70
69
70
65
28
38
55
66
65
68
39
47
195
174
133
110
107
67
70
37
26
69
70
69
69
68
58
83
84
59
65
67
41
49
188
189
142
101
100
58
58
58
47
33
121
187
190
138
109
105
109
110
110
112
115
118
119
119
123
128
128
45
55
60
52
39
60
149
198
164
117
105
106
108
109
110
113
116
118
121
124
125
125
40
53
59
58
55
17
99
181
186
133
109
104
107
109
109
112
115
118
123
124
123
122
73
52
52
60
57
36
43
114
212
166
120
100
106
108
108
110
114
121
122
121
120
121
90
56
50
58
58
61
12
56
200
191
139
105
105
107
108
111
115
122
121
119
118
120
49
72
59
45
59
61
37
44
106
196
174
126
99
105
108
113
120
120
117
116
116
118
23
71
66
48
59
58
61
44
37
176
195
151
103
105
108
116
121
116
113
114
115
117
46
28
63
87
60
59
61
50
42
116
182
177
120
106
113
118
116
112
111
112
114
115
65
11
65
108
52
58
59
56
55
67
159
191
143
111
115
117
112
109
109
111
114
116
65
43
79
88
25
57
63
58
56
41
129
187
169
120
113
111
108
108
109
110
114
120
64
66
74
61
23
49
60
61
58
36
89
160
193
138
113
105
105
107
108
110
115
124
65
68
42
30
56
29
46
65
60
54
29
101
219
167
117
99
104
106
106
112
120
126
65
68
27
14
67
38
47
61
61
64
11
67
200
186
128
99
103
105
106
113
122
124
65
69
33
15
53
83
65
51
62
62
42
64
131
194
146
107
101
103
108
114
118
116
66
70
37
18
51
82
62
48
65
61
61
57
80
197
168
121
99
103
108
113
114
111
67
71
36
24
63
35
36
53
68
63
63
44
50
198
191
137
96
102
107
109
109
109
58
61
31
21
59
20
40
57
45
60
65
46
42
145
187
158
106
101
104
106
106
107
40
42
20
13
41
32
67
60
4
56
65
60
55
51
159
182
125
101
102
104
104
106
37
39
19
12
38
38
57
55
31
60
64
64
59
22
146
193
145
100
100
103
103
105
45
46
24
17
45
46
27
45
96
67
62
64
59
37
138
190
162
101
97
101
102
104
55
57
30
21
55
56
37
43
73
40
53
66
61
49
95
157
180
113
100
99
101
104
66
69
36
24
67
67
68
48
8
2
44
69
64
63
37
107
195
135
105
97
102
106
68
72
38
26
69
69
73
55
19
36
57
67
65
66
26
94
199
159
110
94
103
113
67
70
37
25
68
68
68
63
59
91
73
59
65
65
39
96
187
183
117
93
107
120
67
70
37
25
68
69
67
67
67
61
36
39
67
65
52
74
131
191
133
105
112
119
67
70
37
26
69
70
69
70
63
13
0
23
68
65
65
48
66
190
152
121
116
114
67
70
37
26
69
70
69
70
65
28
35
54
66
65
68
39
48
195
174
133
109
107
67
70
37
26
69
70
69
69
68
58
83
84
59
65
67
41
49
188
189
142
101
100
