pattern_name pattern3
H0 V0 45 45
SW SH 16 29
TW TH 26 37
75
77
77
79
80
80
77
66
41
52
81
83
81
80
79
78
76
73
67
115
185
193
191
192
197
196
18
32
60
81
87
84
82
70
45
56
83
85
83
82
80
79
78
75
66
113
182
190
188
190
196
194
104
117
110
55
44
61
77
77
51
60
86
88
86
84
83
82
81
76
65
110
180
187
185
187
194
192
185
190
162
83
69
87
74
55
35
54
91
92
89
87
86
85
84
78
63
108
178
185
183
185
190
190
172
169
170
172
179
171
93
33
23
46
84
91
90
87
86
85
84
77
62
107
176
183
181
184
187
189
170
169
168
167
166
165
160
151
140
84
20
53
83
78
75
74
71
70
70
115
175
181
179
182
185
187
169
168
167
165
164
163
165
165
163
143
106
51
26
56
65
61
57
62
79
123
174
180
179
181
184
186
177
176
169
164
163
162
160
160
161
168
161
79
32
66
77
72
70
69
72
114
172
180
179
179
182
186
143
152
157
164
165
161
160
160
160
162
160
124
94
83
85
92
93
83
58
100
172
180
178
179
183
185
28
60
107
154
168
161
160
160
159
159
158
167
141
58
53
91
93
82
59
101
172
180
178
180
186
185
72
69
71
80
116
162
165
161
160
160
159
171
137
27
29
90
95
82
60
102
173
180
178
180
187
185
88
83
71
48
92
163
167
161
160
160
160
172
137
28
29
90
94
82
60
103
174
181
178
181
188
185
83
88
79
48
90
164
169
163
162
162
162
173
139
31
31
88
92
81
61
104
174
181
179
181
188
187
82
85
77
50
93
165
170
164
163
163
163
174
138
23
24
87
91
80
62
105
175
182
180
182
189
188
82
86
69
18
70
167
174
167
166
166
166
177
141
31
28
84
88
78
63
108
178
185
182
185
192
190
15
43
79
116
147
170
171
169
168
167
168
184
159
63
49
82
83
77
64
110
180
187
184
186
193
192
76
96
131
176
184
172
171
171
170
176
177
136
96
74
71
80
79
75
65
113
182
189
186
188
195
194
192
188
183
178
175
175
174
175
176
173
155
70
25
70
83
78
76
74
68
116
185
192
189
191
198
197
184
182
181
179
179
178
177
179
183
135
67
62
69
75
76
75
73
71
70
120
188
195
192
194
201
199
187
188
189
188
189
189
191
170
115
75
52
58
65
65
64
63
59
64
80
134
198
206
203
204
211
210
201
180
159
144
126
106
84
62
39
32
37
40
41
40
39
38
34
42
71
105
136
141
141
143
145
145
151
129
105
88
67
44
17
3
7
22
40
40
38
37
36
35
32
38
58
68
71
72
72
74
73
71
44
51
56
59
61
62
61
50
25
36
64
66
64
62
61
60
59
59
55
53
51
49
47
46
44
38
51
53
53
55
57
57
55
44
21
32
59
60
58
57
56
55
54
54
52
49
48
46
45
44
43
38
49
50
51
52
52
52
50
39
16
27
54
56
54
52
52
51
50
49
48
46
45
44
42
41
40
35
47
47
48
48
48
49
47
35
11
22
49
51
49
48
48
47
46
45
44
44
43
42
40
39
37
33
44
44
44
45
46
47
44
32
7
18
45
47
45
44
44
44
43
42
41
41
40
39
38
37
36
32
42
42
42
43
44
43
40
28
4
15
43
44
42
41
41
41
41
41
39
38
37
36
36
34
34
31
40
40
40
40
40
40
37
26
3
13
40
42
40
38
38
39
39
37
35
35
35
34
33
32
31
29
38
38
38
38
38
38
34
24
4
13
37
39
37
35
35
36
35
33
33
33
33
32
32
32
31
28
37
37
37
37
37
36
32
23
5
14
35
37
35
33
33
33
32
32
32
32
32
32
32
31
30
27
36
36
36
36
36
34
30
22
6
14
34
36
34
32
32
32
32
32
31
31
31
31
31
30
29
26
34
34
34
35
35
34
30
22
7
14
32
34
32
32
32
32
31
31
31
31
31
31
31
31
30
26
30
30
30
27
27
28
23
17
9
14
26
27
25
25
25
24
23
23
23
23
23
23
22
22
20
17
15
15
16
16
17
19
19
21
24
26
26
27
28
30
31
32
33
34
34
34
35
35
36
37
37
36
9
9
10
14
16
17
22
27
33
34
32
33
35
38
40
43
46
47
46
46
47
48
49
50
52
54
34
34
34
34
34
32
29
21
7
14
32
33
32
31
31
32
32
30
27
25
25
23
22
22
22
21
75
77
77
79
80
80
77
66
41
52
81
83
81
80
79
78
76
73
67
115
185
193
191
192
197
196
18
32
60
81
87
84
81
70
45
56
83
85
83
82
81
79
78
74
66
113
182
190
188
189
196
194
104
117
111
55
44
61
77
77
51
60
86
88
86
84
83
82
81
77
64
110
180
187
185
187
194
192
185
190
162
84
68
87
74
55
34
54
91
93
88
86
86
85
84
78
62
107
178
186
183
185
190
190
172
170
169
172
179
171
93
32
23
46
84
90
89
87
86
85
84
78
62
107
176
183
181
184
186
189
170
169
168
167
167
165
160
151
141
84
20
52
83
78
75
74
72
70
71
115
175
181
179
182
185
187
169
167
167
165
164
163
165
166
164
142
106
50
26
57
66
61
57
62
79
123
174
180
179
181
184
186
177
176
170
165
163
162
161
160
161
167
161
79
32
66
76
72
70
70
72
114
172
180
179
179
182
186
143
152
156
165
165
161
160
160
160
163
160
124
93
83
85
92
93
83
57
100
172
180
178
179
182
185
28
60
107
154
168
161
160
160
159
159
158
167
141
58
53
91
93
82
59
101
172
180
178
180
186
185
72
69
71
80
116
162
165
161
160
159
159
171
137
27
29
90
94
82
60
102
173
180
178
180
187
185
88
84
71
48
91
163
167
161
160
160
160
171
137
28
29
90
94
82
60
103
174
181
178
181
187
185
83
88
80
48
90
164
169
163
162
162
162
173
138
31
31
88
92
81
61
104
174
181
179
181
188
187
82
86
78
51
93
165
170
164
163
163
163
174
138
23
24
87
91
80
62
105
175
182
180
182
189
188
82
86
69
19
70
167
174
167
166
166
166
177
141
31
28
84
87
78
63
108
178
185
182
185
192
190
15
42
79
116
148
170
172
169
168
167
168
185
159
63
49
82
83
76
64
110
180
187
184
186
193
192
76
96
130
175
184
172
171
171
170
176
177
136
96
75
72
80
80
75
66
113
182
189
186
188
195
194
192
188
183
178
176
175
174
174
176
174
155
70
26
70
83
78
76
73
68
116
185
192
189
191
198
197
184
182
181
179
179
178
177
179
183
135
67
62
69
75
76
75
73
71
70
120
188
195
192
194
201
199
187
187
188
189
189
189
191
170
115
75
52
58
66
64
64
63
59
64
80
134
198
205
203
204
211
210
201
180
159
144
126
106
84
61
39
32
37
40
41
39
39
38
33
42
71
105
136
141
141
142
145
145
151
129
106
88
67
44
17
2
7
23
40
40
38
37
36
35
31
37
58
68
71
72
72
73
72
71
44
51
56
58
61
62
61
50
25
36
64
66
64
62
61
60
60
58
55
53
51
49
47
46
44
38
51
52
53
55
56
57
55
44
21
32
59
60
58
57
56
55
55
53
51
49
48
46
45
44
43
38
49
50
51
52
52
52
50
39
16
27
54
56
54
52
52
51
50
49
47
46
45
44
43
42
40
35
47
48
48
48
49
49
46
35
11
22
49
51
49
48
48
47
46
45
44
44
43
42
40
39
37
33
44
44
44
45
46
47
44
32
7
18
45
47
45
44
44
44
43
42
41
41
40
39
38
37
35
32
42
42
42
43
44
43
40
28
4
15
43
44
42
41
41
41
41
41
39
38
37
36
36
34
34
31
40
40
40
40
40
40
37
26
3
13
40
42
40
38
38
39
39
37
35
35
35
34
33
32
31
29
38
38
38
38
38
38
34
24
5
14
37
39
37
35
35
36
35
34
33
33
33
32
32
32
31
28
37
37
37
37
37
36
32
22
5
14
35
37
35
33
33
33
32
32
32
32
32
32
32
31
30
27
36
36
36
36
36
34
30
22
6
14
34
36
34
32
32
32
32
32
31
31
31
31
31
30
29
26
34
34
34
35
35
34
30
22
7
14
32
33
32
32
32
32
31
31
31
31
31
31
31
31
30
26
30
30
30
27
28
28
23
16
8
14
26
27
26
25
25
24
23
23
23
23
23
22
22
22
20
17
15
15
15
16
17
19
19
20
24
26
26
27
28
30
31
32
33
34
34
34
35
36
36
37
37
36
9
9
10
14
16
17
22
27
32
33
32
33
35
38
41
43
46
47
46
46
47
48
49
51
52
54
34
34
34
34
34
32
29
21
7
14
32
33
32
31
31
32
32
30
27
25
25
23
22
22
22
21
