pattern_name pattern1
H0 V0 10 68
SW SH 13 13
TW TH 19 19
63
72
77
76
78
79
79
81
73
58
53
61
79
79
77
76
75
75
74
74
44
29
39
67
82
79
81
72
57
52
60
78
78
77
77
76
75
74
76
37
22
40
69
82
79
81
72
56
51
60
78
78
77
77
76
75
74
74
62
61
73
74
75
78
80
72
56
51
60
77
77
76
76
75
75
74
73
75
58
28
14
32
76
80
69
54
49
57
74
74
73
72
72
72
71
73
78
59
21
29
39
49
57
53
41
38
44
56
56
55
54
54
54
53
72
75
68
59
108
88
6
22
33
25
24
28
34
33
32
32
32
32
31
73
75
74
71
62
43
23
53
62
45
41
49
62
63
62
61
61
61
60
61
69
75
74
47
32
36
54
61
57
52
61
79
80
79
78
78
78
77
42
57
73
73
76
64
38
23
30
53
50
57
76
77
76
75
75
75
74
52
62
74
71
75
70
56
63
52
26
40
59
75
76
75
75
75
75
74
107
58
47
71
73
71
68
73
64
43
42
54
75
76
75
75
75
75
74
187
56
12
70
72
72
72
49
58
92
54
46
75
76
74
74
75
75
74
187
137
81
46
62
73
71
67
54
39
50
65
77
76
74
74
74
74
74
145
181
141
52
59
69
70
75
60
29
43
54
56
71
77
74
74
74
74
81
165
169
94
66
60
70
70
72
70
40
19
19
57
78
74
74
74
74
39
116
167
164
70
36
74
73
71
72
63
45
20
13
37
79
78
74
73
22
67
136
197
123
62
44
63
74
70
74
65
40
14
19
53
71
77
73
28
33
87
176
203
133
6
44
75
70
70
70
68
59
33
6
52
79
73
63
72
77
76
78
79
79
81
73
58
53
61
79
79
77
76
75
75
74
74
44
29
39
67
82
79
81
73
57
52
60
78
78
77
77
76
75
74
76
38
23
40
68
82
79
81
72
56
51
60
78
78
77
77
76
75
74
74
62
61
73
74
75
78
80
72
56
51
60
77
77
76
76
75
75
74
73
75
59
28
13
32
76
79
69
54
49
57
74
74
73
72
72
72
71
73
78
59
21
27
39
49
56
53
41
38
44
56
56
55
54
54
54
53
72
75
68
59
108
88
6
22
33
25
24
28
34
33
32
32
32
32
31
73
76
74
71
63
44
23
53
62
45
41
48
62
63
62
61
61
61
60
61
69
75
74
47
32
36
53
61
57
52
60
79
80
79
78
78
78
77
42
57
73
73
76
64
38
23
30
53
50
57
76
77
76
75
75
75
74
52
62
74
71
75
69
56
64
52
26
40
60
75
76
75
75
75
75
74
107
58
47
71
73
71
68
74
64
43
42
55
75
76
75
75
75
75
74
187
56
12
70
72
72
72
49
58
92
54
46
75
76
74
74
75
75
74
187
137
81
46
61
73
71
67
55
39
49
64
77
76
74
74
74
74
74
145
180
142
52
58
70
70
75
59
29
42
53
56
71
78
74
74
74
74
81
165
169
94
66
60
70
70
72
70
40
19
19
57
78
74
74
74
74
39
116
167
164
70
36
74
73
71
72
63
44
20
14
37
79
78
73
73
22
67
136
197
123
61
44
62
73
70
74
65
40
14
19
53
71
77
73
28
33
87
176
203
133
6
44
75
70
70
70
68
59
33
6
52
79
73
